441
440
443
449
456
459
463
468
473
480
4
472
473
476
480
481
479
473
467
460
454
449
449
450
450
445
441
440
443
449
456
459
463
468
473
480
4
472
473
476
480
481
479
473
467
460
454
449
449
450
450
445
441
440
443
449
456
459
463
468
473
480
479
443
457
471
480
482
484
484
482
481
480
479
477
474
474
471
469
468
468
472
476
475
476
475
480
482
485
486
487
486
486
486
487
484
484
485
486
487
487
489
492
493
495
497
497
497
499
501
501
498
496
496
496
497
497
498
498
497
496
496
493
495
495
495
494
496
494
493
492
489
489
488
487
486
483
483
482
481
481
480
481
483
486
485
483
481
480
477
477
475
478
482
482
483
484
483
482
482
483
484
486
488
490
493
495
502
501
501
500
497
494
493
491
488
488
492
495
498
500
501
500
499
497
495
494
493
489
491
490
491
490
491
493
494
492
491
489
491
492
491
489
489
487
484
481
481
481
481
480
479
478
480
480
483
484
484
483
481
479
475
478
476
476
476
480
483
486
487
486
490
492
493
494
492
493
497
499
498
497
496
496
495
493
494
494
495
498
501
502
504
502
500
500
498
498
501
500
503
500
503
503
502
501
499
498
496
498
495
498
496
493
492
491
490
490
488
487
486
486
483
482
483
483
484
485
485
484
483
481
479
479
481
482
483
485
485
488
489
490
494
495
495
495
496
497
497
499
499
497
498
498
497
498
496
498
500
501
501
501
503
506
508
507
507
504
505
506
507
509
510
508
506
506
505
504
507
506
507
507
504
503
498
499
496
495
494
492
491
488
488
488
490
490
490
489
487
485
485
487
488
487
487
489
490
489
490
490
491
489
491
495
496
497
498
497
497
501
501
501
500
499
498
499
501
504
506
506
508
506
508
509
510
509
511
513
514
514
514
513
512
512
508
509
510
510
510
510
507
505
503
502
501
501
497
496
496
495
496
495
494
495
493
494
493
491
488
488
489
488
486
487
487
486
489
491
492
494
496
497
497
497
500
498
500
502
502
504
503
503
505
504
508
509
509
509
508
508
509
512
515
515
514
514
512
510
509
508
507
508
512
515
513
510
509
507
510
511
510
509
508
506
504
498
496
494
494
495
495
497
497
496
496
496
492
489
489
487
487
489
490
491
493
495
495
497
494
492
491
489
489
492
492
494
499
501
500
502
502
504
506
503
505
504
505
506
506
508
510
510
510
510
510
512
517
520
523
525
528
528
523
521
517
515
513
512
511
510
508
507
505
505
503
502
502
499
505
503
502
500
499
496
495
492
492
493
492
492
492
491
492
493
493
493
490
489
488
487
487
490
491
491
494
495
500
504
503
504
505
503
502
500
499
499
502
506
509
512
514
517
517
519
519
521
521
520
519
519
518
518
518
517
518
514
514
513
511
508
505
506
506
508
506
507
507
505
503
502
499
496
494
491
490
490
491
494
495
498
498
496
495
495
498
500
499
496
493
492
488
487
489
490
494
497
500
504
505
505
506
504
505
507
504
506
504
505
507
507
508
511
511
513
514
513
514
514
514
515
515
516
515
514
512
514
511
515
515
513
510
511
508
505
504
503
502
500
501
501
499
497
498
498
497
496
496
496
496
493
492
491
490
490
491
492
491
488
488
486
486
487
489
491
492
490
491
492
494
497
502
502
503
503
503
505
508
508
507
507
507
505
506
505
507
509
510
511
511
510
511
514
514
516
516
515
518
517
516
516
516
514
514
510
508
505
505
504
504
501
500
500
502
501
500
500
498
498
500
499
500
499
497
494
492
491
489
491
489
489
489
488
488
491
495
493
494
499
498
501
502
504
507
510
510
511
513
513
514
516
517
520
520
520
520
520
517
515
514
513
514
516
517
518
520
519
521
518
518
517
512
510
505
509
507
506
506
504
504
503
502
499
500
498
497
498
498
498
496
495
493
493
492
493
493
493
490
491
493
494
492
492
494
493
495
495
498
499
498
498
500
501
504
506
505
506
510
515
516
517
514
512
512
510
510
511
512
512
511
513
514
515
516
517
514
516
515
515
515
511
515
510
511
511
509
507
507
508
509
507
507
505
503
497
495
493
491
490
490
491
494
496
499
499
498
498
495
495
494
493
493
494
496
499
501
503
505
503
502
502
501
504
507
510
511
513
513
513
511
509
506
507
507
508
512
513
515
516
514
517
517
516
517
518
519
516
514
515
514
516
515
513
512
510
509
510
512
516
516
515
510
508
505
503
501
499
502
499
497
495
493
494
493
494
494
494
493
492
493
492
493
494
494
494
492
493
498
502
505
507
508
510
511
508
509
508
509
511
512
515
517
517
517
518
518
518
518
518
523
523
523
521
520
520
518
517
516
516
515
515
514
511
508
508
510
506
504
504
503
505
505
504
504
505
504
503
501
500
498
498
497
497
495
494
492
486
485
484
483
485
488
491
493
496
497
497
498
501
502
501
500
500
501
505
506
507
508
508
510
512
514
517
521
523
524
524
523
521
520
518
516
517
516
518
517
522
522
526
524
524
519
515
511
510
509
507
512
510
509
512
510
508
507
505
502
501
500
499
499
496
496
495
496
498
500
500
503
503
503
503
502
501
498
495
496
495
497
500
441
457
474
486
493
492
491
488
483
475
469
460
452
447
446
446
450
456
467
477
484
487
490
491
486
485
492
497
502
499
493
487
483
481
482
485
491
495
500
502
503
501
498
492
491
489
484
481
479
483
486
488
494
499
502
500
500
492
487
488
489
494
493
496
496
491
486
481
474
469
468
470
471
471
473
474
478
481
484
484
480
475
470
465
470
473
478
486
490
492
492
488
489
486
487
490
493
496
502
511
517
517
512
508
501
496
493
488
485
486
491
495
505
510
514
513
504
494
481
472
472
480
488
490
490
486
479
463
448
441
442
448
459
468
476
483
490
495
503
515
522
523
515
501
488
474
462
456
454
452
450
448
442
438
436
439
444
444
441
439
438
443
444
448
445
443
443
446
451
454
454
456
463
475
495
512
528
536
533
518
506
485
473
457
447
443
441
446
450
453
453
455
447
443
437
429
421
415
413
412
408
408
414
424
430
430
424
416
406
401
399
399
402
407
407
413
421
430
437
443
441
439
433
429
428
424
423
426
431
432
430
429
427
429
433
438
449
464
473
476
472
467
460
452
448
442
440
442
444
447
447
447
448
448
445
438
434
427
424
424
422
422
421
421
419
421
421
422
421
419
418
420
427
427
424
417
417
416
418
423
425
426
429
429
430
432
431
431
435
435
434
436
436
437
438
438
436
434
435
438
440
440
439
437
440
448
458
462
461
456
449
445
439
435
432
430
430
433
432
433
436
439
438
436
429
424
420
419
415
413
411
411
413
416
418
419
419
415
414
410
413
416
427
431
438
434
429
426
424
422
423
423
426
429
434
438
442
445
449
452
452
451
452
453
455
457
460
461
464
466
471
471
470
465
467
467
470
475
478
483
485
480
474
466
459
456
452
448
444
442
440
442
443
443
440
438
435
433
432
432
433
433
428
425
424
423
424
423
425
427
427
424
426
434
441
445
445
448
446
449
451
455
461
464
467
466
468
473
476
475
470
466
463
460
461
460
462
463
465
467
469
471
472
467
467
464
459
458
461
464
467
466
463
463
464
465
465
465
461
458
455
451
451
450
451
454
455
454
453
450
451
454
453
456
459
462
464
467
468
470
471
477
483
493
499
503
499
493
488
486
484
483
480
478
479
483
491
500
508
508
506
504
499
494
488
484
480
475
470
464
458
453
456
462
467
474
475
477
490
509
526
534
530
514
495
478
469
465
461
453
449
448
452
458
468
474
482
486
487
488
489
490
486
486
485
488
488
487
491
492
495
501
508
517
522
521
514
508
505
501
497
497
501
508
509
512
518
523
527
530
533
531
528
526
523
515
506
502
498
499
499
498
499
496
493
489
491
494
495
492
487
480
474
469
467
466
466
469
471
472
475
481
480
484
486
485
483
487
487
487
488
491
493
495
494
494
495
498
503
507
513
519
524
524
520
514
511
508
507
508
509
511
514
519
520
529
531
532
526
523
517
512
507
503
497
494
493
493
495
493
490
489
489
490
495
498
500
497
491
481
475
471
470
466
464
462
463
467
472
476
480
485
492
496
499
502
502
504
503
503
501
498
497
496
502
510
521
527
528
529
527
519
513
505
502
500
500
502
501
500
500
495
497
498
493
489
486
483
487
494
496
497
497
495
490
487
486
485
486
485
483
479
475
469
466
463
464
466
466
467
470
473
479
488
488
492
495
495
495
497
499
499
496
498
499
504
507
509
512
515
520
524
526
526
524
518
511
507
505
510
510
512
511
510
511
512
513
509
511
508
505
503
500
497
497
495
494
491
488
487
487
487
489
494
499
499
495
488
483
478
474
473
471
469
469
473
477
480
485
486
489
490
489
491
493
493
495
498
501
505
505
506
506
506
509
516
523
527
526
523
515
507
503
500
501
506
509
512
517
518
519
520
520
518
514
507
503
502
501
500
501
500
497
495
495
493
491
490
490
495
496
492
485
478
473
470
472
473
473
475
478
480
482
483
484
486
487
486
491
496
500
506
507
507
506
510
514
516
518
518
517
518
520
525
526
525
522
517
513
513
513
518
527
535
534
524
514
511
506
503
502
502
508
510
517
517
518
518
517
512
503
497
490
489
489
490
491
496
502
505
504
494
482
481
485
489
493
503
525
555
575
572
550
514
477
451
433
421
418
428
442
456
467
480
492
504
514
524
530
536
544
549
552
549
543
534
523
519
517
518
514
513
513
510
509
505
503
500
491
487
479
477
477
482
487
494
498
499
494
487
480
473
470
468
469
474
479
479
480
480
482
488
491
486
482
486
490
491
494
497
499
498
497
497
496
498
498
498
499
505
509
511
508
506
504
507
510
513
511
505
504
505
506
505
502
502
501
510
508
511
513
515
513
505
500
493
489
483
478
472
470
472
475
478
479
478
479
481
487
494
498
500
498
492
482
482
486
489
491
492
491
489
490
494
499
502
503
502
502
503
504
505
506
510
514
518
517
516
516
517
520
527
531
530
527
522
520
514
506
508
508
510
511
512
515
516
516
513
507
506
501
495
491
488
487
486
486
484
481
479
478
481
484
487
488
486
485
482
478
478
475
475
474
477
484
488
493
497
500
505
503
503
498
498
497
499
503
508
512
515
514
513
511
514
516
518
519
520
518
516
515
516
514
517
519
519
517
517
516
522
524
520
515
508
505
502
500
497
496
499
500
498
495
493
492
492
493
494
495
494
492
490
484
479
477
481
481
483
485
490
491
495
497
500
499
498
497
496
496
494
496
501
506
508
511
511
510
512
516
519
518
517
518
517
515
518
518
514
517
513
516
519
520
523
521
514
510
505
497
496
493
491
489
489
490
491
492
492
492
492
490
491
490
485
477
470
466
456
449
446
441
442
450
462
472
484
494
503
507
511
512
512
510
511
521
540
560
576
592
602
614
623
630
629
619
603
584
570
560
553
550
545
538
538
537
533
526
524
528
526
516
507
497
488
471
454
443
438
440
450
461
471
482
496
506
505
495
486
485
492
503
508
503
496
493
485
483
477
474
468
456
445
437
431
437
444
456
472
483
498
513
531
539
543
540
539
541
542
545
548
551
552
544
532
520
516
514
516
518
522
519
524
532
530
530
528
525
524
517
512
503
495
490
486
483
480
477
478
481
483
483
483
484
488
491
490
487
482
482
487
490
490
494
491
485
481
482
486
495
501
509
515
523
527
527
528
525
523
520
516
513
509
506
505
507
510
518
525
529
531
530
525
518
517
515
515
516
520
517
510
504
502
500
496
499
497
494
491
487
486
483
481
482
484
486
488
491
492
491
489
486
484
487
484
483
482
481
483
483
485
486
485
487
493
498
502
504
505
509
514
515
514
510
508
507
509
512
515
518
520
519
521
522
524
527
535
540
540
536
530
523
518
511
508
505
502
499
496
496
496
497
496
494
492
490
489
485
483
482
482
485
489
492
491
490
490
490
487
486
489
494
494
496
496
491
488
486
487
491
491
492
498
499
501
505
507
510
511
509
512
515
519
518
517
521
524
527
527
523
519
519
518
517
522
530
530
526
520
511
506
503
502
498
496
495
493
493
492
492
491
488
485
484
483
486
486
489
489
489
491
490
489
493
497
499
496
496
496
507
511
515
514
509
507
506
505
510
513
513
513
514
514
512
511
510
512
513
516
518
520
522
524
519
518
519
519
519
516
513
512
511
510
515
517
516
513
509
501
495
491
490
490
491
493
498
501
509
519
528
532
532
523
510
495
482
474
470
468
471
472
474
475
474
473
477
489
499
510
518
522
521
519
511
503
496
493
494
497
503
506
508
508
511
514
520
523
524
525
524
523
520
521
523
532
533
534
531
522
514
508
503
501
500
501
499
500
505
509
513
521
524
525
523
